-127051086184468
-127051086184468
-127051086184468
-127051086184468
-127051086184468
-127051086184468
-127051086184468
-127051086184468
-127051086184468
-127051086184468
-127051086184468
-127051086184468
-127051086184468
-127051086184468
-127051086184468
-127051086184468
-127051086184468
-127051086184468
-127051086184468
-127051086184468
-127051086184468
-127051086184468
-127051086184468
-127051086184468
-127051086184468
-127051086184468
-127051086184468
-127051086184468
-127051086184468
-127051086184468
-127051086184468
-127051086184468
-127051086184468
-127051086184468
-127051086184468
-127051086184468
-127051086184468
-127051086184468
-127051086184468
-127051086184468
-127051086184468
-127051086184468
-127051086184468
-127051086184468
-127051086184468
-127051086184468
-127051086184468
-127051086184468
-127051086184468
-127051086184468
-127051086184468
-127051086184468
-127051086184468
-127051086184468
-127051086184468
-127051086184468
-127051086184468
-127051086184468
-127051086184468
-127051086184468
-127051086184468
-127051086184468
-127051086184468
-127051086184468
-127051086184468
-127051086184468
-127051086184468
-127051086184468
-127051086184468
-127051086184468
-127051086184468
-127051086184468
-127051086184468
-127051086184468
-127051086184468
-127051086184468
-127051086184468
-127051086184468
-127051086184468
-127051086184468
-127051086184468
-127051086184468
-127051086184468
-127051086184468
-127051086184468
-127051086184468
-127051086184468
-127051086184468
-127051086184468
-127051086184468
-127051086184468
-127051086184468
-127051086184468
-127051086184468
-127051086184468
-127051086184468
-127051086184468
-127051086184468
-127051086184468
-127051086184468
237451708262160
518926684972816
800401661683472
1081876638394128
1363351615104784
1644826591815440
1926301568526096
2207776545236752
2489251521947408
2770726498658064
3052201475368720
3333676452079376
3615151428790032
3896626405500688
4178101382211344
4459576358922000
4741051335632656
5022526312343312
5304001289053968
5585476265764624
5866951242475280
6148426219185936
6429901195896592
6711376172607248
6992851149317904
7274326126028560
7555801102739216
7837276079449872
8118751056160528
8400226032871184
8681701009581840
8963175986292496
9244650963003152
9526125939713808
9807600916424464
10089075893135120
10370550869845776
10652025846556432
10933500823267088
11214975799977744
11496450776688400
11777925753399056
12059400730109712
12340875706820368
12622350683531024
12903825660241680
13185300636952336
13466775613662992
13748250590373648
14029725567084304
14311200543794960
14592675520505616
14874150497216272
15155625473926928
15437100450637584
15718575427348240
16000050404058896
16281525380769552
16563000357480208
16844475334190864
17125950310901520
17407425287612176
17688900264322832
17970375241033488
18251850217744144
18533325194454800
18814800171165456
19096275147876112
19377750124586768
19659225101297424
19940700078008080
20222175054718736
20503650031429392
20785125008140048
21066599984850704
21348074961561360
21629549938272016
21911024914982672
22192499891693328
22473974868403984
22755449845114640
23036924821825296
23318399798535952
23599874775246608
23881349751957264
24162824728667920
24444299705378576
24725774682089232
25007249658799888
25288724635510544
25570199612221200
25851674588931856
26133149565642512
26414624542353168
26696099519063824
26977574495774480
27259049472485136
27540524449195792
27821999425906448
28103474402617104
-245497306465213
-245497306465213
-245497306465213
-245497306465213
-245497306465213
-245497306465213
-245497306465213
-245497306465213
-245497306465213
-245497306465213
-245497306465213
-245497306465213
-245497306465213
-245497306465213
-245497306465213
-245497306465213
-245497306465213
-245497306465213
-245497306465213
-245497306465213
-245497306465213
-245497306465213
-245497306465213
-245497306465213
-245497306465213
-245497306465213
-245497306465213
-245497306465213
-245497306465213
-245497306465213
-245497306465213
-245497306465213
-245497306465213
-245497306465213
-245497306465213
-245497306465213
-245497306465213
-245497306465213
-245497306465213
-245497306465213
-245497306465213
-245497306465213
-245497306465213
-245497306465213
-245497306465213
-245497306465213
-245497306465213
-245497306465213
-245497306465213
-245497306465213
-245497306465213
-245497306465213
-245497306465213
-245497306465213
-245497306465213
-245497306465213
-245497306465213
-245497306465213
-245497306465213
-245497306465213
-245497306465213
-245497306465213
-245497306465213
-245497306465213
-245497306465213
-245497306465213
-245497306465213
-245497306465213
-245497306465213
-245497306465213
-245497306465213
-245497306465213
-245497306465213
-245497306465213
-245497306465213
-245497306465213
-245497306465213
-245497306465213
-245497306465213
-245497306465213
-245497306465213
-245497306465213
-245497306465213
-245497306465213
-245497306465213
-245497306465213
-245497306465213
-245497306465213
-245497306465213
-245497306465213
-245497306465213
-245497306465213
-245497306465213
-245497306465213
-245497306465213
-245497306465213
-245497306465213
-245497306465213
-245497306465213
-245497306465213
-62801735301919
-62801735301919
-62801735301919
-62801735301919
-62801735301919
-62801735301919
-62801735301919
-62801735301919
-62801735301919
-62801735301919
-62801735301919
-62801735301919
-62801735301919
-62801735301919
-62801735301919
-62801735301919
-62801735301919
-62801735301919
-62801735301919
-62801735301919
-62801735301919
-62801735301919
-62801735301919
-62801735301919
-62801735301919
-62801735301919
-62801735301919
-62801735301919
-62801735301919
-62801735301919
-62801735301919
-62801735301919
-62801735301919
-62801735301919
-62801735301919
-62801735301919
-62801735301919
-62801735301919
-62801735301919
-62801735301919
-62801735301919
-62801735301919
-62801735301919
-62801735301919
-62801735301919
-62801735301919
-62801735301919
-62801735301919
-62801735301919
-62801735301919
-62801735301919
-62801735301919
-62801735301919
-62801735301919
-62801735301919
-62801735301919
-62801735301919
-62801735301919
-62801735301919
-62801735301919
-62801735301919
-62801735301919
-62801735301919
-62801735301919
-62801735301919
-62801735301919
-62801735301919
-62801735301919
-62801735301919
-62801735301919
-62801735301919
-62801735301919
-62801735301919
-62801735301919
-62801735301919
-62801735301919
-62801735301919
-62801735301919
-62801735301919
-62801735301919
-62801735301919
-62801735301919
-62801735301919
-62801735301919
-62801735301919
-62801735301919
-62801735301919
-62801735301919
-62801735301919
-62801735301919
-62801735301919
-62801735301919
-62801735301919
-62801735301919
-62801735301919
-62801735301919
-62801735301919
-62801735301919
-62801735301919
-62801735301919
-252663258854729
-252663258854729
-252663258854729
-252663258854729
-252663258854729
-252663258854729
-252663258854729
-252663258854729
-252663258854729
-252663258854729
-252663258854729
-252663258854729
-252663258854729
-252663258854729
-252663258854729
-252663258854729
-252663258854729
-252663258854729
-252663258854729
-252663258854729
-252663258854729
-252663258854729
-252663258854729
-252663258854729
-252663258854729
-252663258854729
-252663258854729
-252663258854729
-252663258854729
-252663258854729
-252663258854729
-252663258854729
-252663258854729
-252663258854729
-252663258854729
-252663258854729
-252663258854729
-252663258854729
-252663258854729
-252663258854729
-252663258854729
-252663258854729
-252663258854729
-252663258854729
-252663258854729
-252663258854729
-252663258854729
-252663258854729
-252663258854729
-252663258854729
-252663258854729
-252663258854729
-252663258854729
-252663258854729
-252663258854729
-252663258854729
-252663258854729
-252663258854729
-252663258854729
-252663258854729
-252663258854729
-252663258854729
-252663258854729
-252663258854729
-252663258854729
-252663258854729
-252663258854729
-252663258854729
-252663258854729
-252663258854729
-252663258854729
-252663258854729
-252663258854729
-252663258854729
-252663258854729
-252663258854729
-252663258854729
-252663258854729
-252663258854729
-252663258854729
-252663258854729
-252663258854729
-252663258854729
-252663258854729
-252663258854729
-252663258854729
-252663258854729
-252663258854729
-252663258854729
-252663258854729
-252663258854729
-252663258854729
-252663258854729
-252663258854729
-252663258854729
-252663258854729
-252663258854729
-252663258854729
-252663258854729
-252663258854729
104896112575484
386371089286140
667846065996796
949321042707452
1230796019418108
1512270996128764
1793745972839420
2075220949550076
2356695926260732
2638170902971388
2919645879682044
3201120856392700
3482595833103356
3764070809814012
4045545786524668
4327020763235324
4608495739945980
4889970716656636
5171445693367292
5452920670077948
5734395646788604
6015870623499260
6297345600209916
6578820576920572
6860295553631228
7141770530341884
7423245507052540
7704720483763196
7986195460473852
8267670437184508
8549145413895164
8830620390605820
9112095367316476
9393570344027132
9675045320737788
9956520297448444
10237995274159100
10519470250869756
10800945227580412
11082420204291068
11363895181001724
11645370157712380
11926845134423036
12208320111133692
12489795087844348
12771270064555004
13052745041265660
13334220017976316
13615694994686972
13897169971397628
14178644948108284
14460119924818940
14741594901529596
15023069878240252
15304544854950908
15586019831661564
15867494808372220
16148969785082876
16430444761793532
16711919738504188
16993394715214844
17274869691925500
17556344668636156
17837819645346812
18119294622057468
18400769598768124
18682244575478780
18963719552189436
19245194528900092
19526669505610748
19808144482321404
20089619459032060
20371094435742716
20652569412453372
20934044389164028
21215519365874684
21496994342585340
21778469319295996
22059944296006652
22341419272717308
22622894249427964
22904369226138620
23185844202849276
23467319179559932
23748794156270588
24030269132981244
24311744109691900
24593219086402556
24874694063113212
25156169039823868
25437644016534524
25719118993245180
26000593969955836
26282068946666492
26563543923377148
26845018900087804
27126493876798460
27407968853509116
27689443830219772
27970918806930428
117590424821108
399065401531764
680540378242420
962015354953076
1243490331663732
1524965308374388
1806440285085044
2087915261795700
2369390238506356
2650865215217012
2932340191927668
3213815168638324
3495290145348980
3776765122059636
4058240098770292
4339715075480948
4621190052191604
4902665028902260
5184140005612916
5465614982323572
5747089959034228
6028564935744884
6310039912455540
6591514889166196
6872989865876852
7154464842587508
7435939819298164
7717414796008820
7998889772719476
8280364749430132
8561839726140788
8843314702851444
9124789679562100
9406264656272756
9687739632983412
9969214609694068
10250689586404724
10532164563115380
10813639539826036
11095114516536692
11376589493247348
11658064469958004
11939539446668660
12221014423379316
12502489400089972
12783964376800628
13065439353511284
13346914330221940
13628389306932596
13909864283643252
14191339260353908
14472814237064564
14754289213775220
15035764190485876
15317239167196532
15598714143907188
15880189120617844
16161664097328500
16443139074039156
16724614050749812
17006089027460468
17287564004171124
17569038980881780
17850513957592436
18131988934303092
18413463911013748
18694938887724404
18976413864435060
19257888841145716
19539363817856372
19820838794567028
20102313771277684
20383788747988340
20665263724698996
20946738701409652
21228213678120308
21509688654830964
21791163631541620
22072638608252276
22354113584962932
22635588561673588
22917063538384244
23198538515094900
23480013491805556
23761488468516212
24042963445226868
24324438421937524
24605913398648180
24887388375358836
25168863352069492
25450338328780148
25731813305490804
26013288282201460
26294763258912116
26576238235622772
26857713212333428
27139188189044084
27420663165754740
27702138142465396
27983613119176052
-232765148714145
-232765148714145
-232765148714145
-232765148714145
-232765148714145
-232765148714145
-232765148714145
-232765148714145
-232765148714145
-232765148714145
-232765148714145
-232765148714145
-232765148714145
-232765148714145
-232765148714145
-232765148714145
-232765148714145
-232765148714145
-232765148714145
-232765148714145
-232765148714145
-232765148714145
-232765148714145
-232765148714145
-232765148714145
-232765148714145
-232765148714145
-232765148714145
-232765148714145
-232765148714145
-232765148714145
-232765148714145
-232765148714145
-232765148714145
-232765148714145
-232765148714145
-232765148714145
-232765148714145
-232765148714145
-232765148714145
-232765148714145
-232765148714145
-232765148714145
-232765148714145
-232765148714145
-232765148714145
-232765148714145
-232765148714145
-232765148714145
-232765148714145
-232765148714145
-232765148714145
-232765148714145
-232765148714145
-232765148714145
-232765148714145
-232765148714145
-232765148714145
-232765148714145
-232765148714145
-232765148714145
-232765148714145
-232765148714145
-232765148714145
-232765148714145
-232765148714145
-232765148714145
-232765148714145
-232765148714145
-232765148714145
-232765148714145
-232765148714145
-232765148714145
-232765148714145
-232765148714145
-232765148714145
-232765148714145
-232765148714145
-232765148714145
-232765148714145
-232765148714145
-232765148714145
-232765148714145
-232765148714145
-232765148714145
-232765148714145
-232765148714145
-232765148714145
-232765148714145
-232765148714145
-232765148714145
-232765148714145
-232765148714145
-232765148714145
-232765148714145
-232765148714145
-232765148714145
-232765148714145
-232765148714145
-232765148714145
141001691232717
422476667943373
703951644654029
985426621364685
1266901598075341
1548376574785997
1829851551496653
2111326528207309
2392801504917965
2674276481628621
2955751458339277
3237226435049933
3518701411760589
3800176388471245
4081651365181901
4363126341892557
4644601318603213
4926076295313869
5207551272024525
5489026248735181
5770501225445837
6051976202156493
6333451178867149
6614926155577805
6896401132288461
7177876108999117
7459351085709773
7740826062420429
8022301039131085
8303776015841741
8585250992552397
8866725969263053
9148200945973709
9429675922684365
9711150899395021
9992625876105677
10274100852816333
10555575829526989
10837050806237645
11118525782948301
11400000759658957
11681475736369613
11962950713080269
12244425689790925
12525900666501581
12807375643212237
13088850619922893
13370325596633549
13651800573344205
13933275550054861
14214750526765517
14496225503476173
14777700480186829
15059175456897485
15340650433608141
15622125410318797
15903600387029453
16185075363740109
16466550340450765
16748025317161421
17029500293872077
17310975270582733
17592450247293389
17873925224004045
18155400200714701
18436875177425357
18718350154136013
18999825130846669
19281300107557325
19562775084267981
19844250060978637
20125725037689293
20407200014399949
20688674991110605
20970149967821261
21251624944531917
21533099921242573
21814574897953229
22096049874663885
22377524851374541
22658999828085197
22940474804795853
23221949781506509
23503424758217165
23784899734927821
24066374711638477
24347849688349133
24629324665059789
24910799641770445
25192274618481101
25473749595191757
25755224571902413
26036699548613069
26318174525323725
26599649502034381
26881124478745037
27162599455455693
27444074432166349
27725549408877005
28007024385587661
210468983597944
491943960308600
773418937019256
1054893913729912
1336368890440568
1617843867151224
1899318843861880
2180793820572536
2462268797283192
2743743773993848
3025218750704504
3306693727415160
3588168704125816
3869643680836472
4151118657547128
4432593634257784
4714068610968440
4995543587679096
5277018564389752
5558493541100408
5839968517811064
6121443494521720
6402918471232376
6684393447943032
6965868424653688
7247343401364344
7528818378075000
7810293354785656
8091768331496312
8373243308206968
8654718284917624
8936193261628280
9217668238338936
9499143215049592
9780618191760248
10062093168470904
10343568145181560
10625043121892216
10906518098602872
11187993075313528
11469468052024184
11750943028734840
12032418005445496
12313892982156152
12595367958866808
12876842935577464
13158317912288120
13439792888998776
13721267865709432
14002742842420088
14284217819130744
14565692795841400
14847167772552056
15128642749262712
15410117725973368
15691592702684024
15973067679394680
16254542656105336
16536017632815992
16817492609526648
17098967586237304
17380442562947960
17661917539658616
17943392516369272
18224867493079928
18506342469790584
18787817446501240
19069292423211896
19350767399922552
19632242376633208
19913717353343864
20195192330054520
20476667306765176
20758142283475832
21039617260186488
21321092236897144
21602567213607800
21884042190318456
22165517167029112
22446992143739768
22728467120450424
23009942097161080
23291417073871736
23572892050582392
23854367027293048
24135842004003704
24417316980714360
24698791957425016
24980266934135672
25261741910846328
25543216887556984
25824691864267640
26106166840978296
26387641817688952
26669116794399608
26950591771110264
27232066747820920
27513541724531576
27795016701242232
28076491677952888
244397336307579
525872313018235
807347289728891
1088822266439547
1370297243150203
1651772219860859
1933247196571515
2214722173282171
2496197149992827
2777672126703483
3059147103414139
3340622080124795
3622097056835451
3903572033546107
4185047010256763
4466521986967419
4747996963678075
5029471940388731
5310946917099387
5592421893810043
5873896870520699
6155371847231355
6436846823942011
6718321800652667
6999796777363323
7281271754073979
7562746730784635
7844221707495291
8125696684205947
8407171660916603
8688646637627259
8970121614337915
9251596591048571
9533071567759227
9814546544469883
10096021521180539
10377496497891195
10658971474601851
10940446451312507
11221921428023163
11503396404733819
11784871381444475
12066346358155131
12347821334865787
12629296311576443
12910771288287099
13192246264997755
13473721241708411
13755196218419067
14036671195129723
14318146171840379
14599621148551035
14881096125261691
15162571101972347
15444046078683003
15725521055393659
16006996032104315
16288471008814971
16569945985525627
16851420962236283
17132895938946939
17414370915657595
17695845892368251
17977320869078907
18258795845789563
18540270822500219
18821745799210875
19103220775921531
19384695752632187
19666170729342843
19947645706053499
20229120682764155
20510595659474811
20792070636185467
21073545612896123
21355020589606779
21636495566317435
21917970543028091
22199445519738747
22480920496449403
22762395473160059
23043870449870715
23325345426581371
23606820403292027
23888295380002683
24169770356713339
24451245333423995
24732720310134651
25014195286845307
25295670263555963
25577145240266619
25858620216977275
26140095193687931
26421570170398587
26703045147109243
26984520123819899
27265995100530555
27547470077241211
27828945053951867
28110420030662523
61361409577397
342836386288053
624311362998709
905786339709365
1187261316420021
1468736293130677
1750211269841333
2031686246551989
2313161223262645
2594636199973301
2876111176683957
3157586153394613
3439061130105269
3720536106815925
4002011083526581
4283486060237237
4564961036947893
4846436013658549
5127910990369205
5409385967079861
5690860943790517
5972335920501173
6253810897211829
6535285873922485
6816760850633141
7098235827343797
7379710804054453
7661185780765109
7942660757475765
8224135734186421
8505610710897077
8787085687607733
9068560664318389
9350035641029045
9631510617739701
9912985594450357
10194460571161013
10475935547871669
10757410524582325
11038885501292981
11320360478003637
11601835454714293
11883310431424949
12164785408135605
12446260384846261
12727735361556917
13009210338267573
13290685314978229
13572160291688885
13853635268399541
14135110245110197
14416585221820853
14698060198531509
14979535175242165
15261010151952821
15542485128663477
15823960105374133
16105435082084789
16386910058795445
16668385035506101
16949860012216757
17231334988927413
17512809965638069
17794284942348725
18075759919059381
18357234895770037
18638709872480693
18920184849191349
19201659825902005
19483134802612661
19764609779323317
20046084756033973
20327559732744629
20609034709455285
20890509686165941
21171984662876597
21453459639587253
21734934616297909
22016409593008565
22297884569719221
22579359546429877
22860834523140533
23142309499851189
23423784476561845
23705259453272501
23986734429983157
24268209406693813
24549684383404469
24831159360115125
25112634336825781
25394109313536437
25675584290247093
25957059266957749
26238534243668405
26520009220379061
26801484197089717
27082959173800373
27364434150511029
27645909127221685
27927384103932341
-280141020239275
-280141020239275
-280141020239275
-280141020239275
-280141020239275
-280141020239275
-280141020239275
-280141020239275
-280141020239275
-280141020239275
-280141020239275
-280141020239275
-280141020239275
-280141020239275
-280141020239275
-280141020239275
-280141020239275
-280141020239275
-280141020239275
-280141020239275
-280141020239275
-280141020239275
-280141020239275
-280141020239275
-280141020239275
-280141020239275
-280141020239275
-280141020239275
-280141020239275
-280141020239275
-280141020239275
-280141020239275
-280141020239275
-280141020239275
-280141020239275
-280141020239275
-280141020239275
-280141020239275
-280141020239275
-280141020239275
-280141020239275
-280141020239275
-280141020239275
-280141020239275
-280141020239275
-280141020239275
-280141020239275
-280141020239275
-280141020239275
-280141020239275
-280141020239275
-280141020239275
-280141020239275
-280141020239275
-280141020239275
-280141020239275
-280141020239275
-280141020239275
-280141020239275
-280141020239275
-280141020239275
-280141020239275
-280141020239275
-280141020239275
-280141020239275
-280141020239275
-280141020239275
-280141020239275
-280141020239275
-280141020239275
-280141020239275
-280141020239275
-280141020239275
-280141020239275
-280141020239275
-280141020239275
-280141020239275
-280141020239275
-280141020239275
-280141020239275
-280141020239275
-280141020239275
-280141020239275
-280141020239275
-280141020239275
-280141020239275
-280141020239275
-280141020239275
-280141020239275
-280141020239275
-280141020239275
-280141020239275
-280141020239275
-280141020239275
-280141020239275
-280141020239275
-280141020239275
-280141020239275
-280141020239275
-280141020239275
143436571056414
424911547767070
706386524477726
987861501188382
1269336477899038
1550811454609694
1832286431320350
2113761408031006
2395236384741662
2676711361452318
2958186338162974
3239661314873630
3521136291584286
3802611268294942
4084086245005598
4365561221716254
4647036198426910
4928511175137566
5209986151848222
5491461128558878
5772936105269534
6054411081980190
6335886058690846
6617361035401502
6898836012112158
7180310988822814
7461785965533470
7743260942244126
8024735918954782
8306210895665438
8587685872376094
8869160849086750
9150635825797406
9432110802508062
9713585779218718
9995060755929374
10276535732640030
10558010709350686
10839485686061342
11120960662771998
11402435639482654
11683910616193310
11965385592903966
12246860569614622
12528335546325278
12809810523035934
13091285499746590
13372760476457246
13654235453167902
13935710429878558
14217185406589214
14498660383299870
14780135360010526
15061610336721182
15343085313431838
15624560290142494
15906035266853150
16187510243563806
16468985220274462
16750460196985118
17031935173695774
17313410150406430
17594885127117086
17876360103827742
18157835080538398
18439310057249054
18720785033959710
19002260010670366
19283734987381022
19565209964091678
19846684940802334
20128159917512990
20409634894223646
20691109870934302
20972584847644958
21254059824355614
21535534801066270
21817009777776926
22098484754487582
22379959731198238
22661434707908894
22942909684619550
23224384661330206
23505859638040862
23787334614751518
24068809591462174
24350284568172830
24631759544883486
24913234521594142
25194709498304798
25476184475015454
25757659451726110
26039134428436766
26320609405147422
26602084381858078
26883559358568734
27165034335279390
27446509311990046
27727984288700702
28009459265411358
27620203085027
309095179795683
590570156506339
872045133216995
1153520109927651
1434995086638307
1716470063348963
1997945040059619
2279420016770275
2560894993480931
2842369970191587
3123844946902243
3405319923612899
3686794900323555
3968269877034211
4249744853744867
4531219830455523
4812694807166179
5094169783876835
5375644760587491
5657119737298147
5938594714008803
6220069690719459
6501544667430115
6783019644140771
7064494620851427
7345969597562083
7627444574272739
7908919550983395
8190394527694051
8471869504404707
8753344481115363
9034819457826019
9316294434536675
9597769411247331
9879244387957987
10160719364668643
10442194341379299
10723669318089955
11005144294800611
11286619271511267
11568094248221923
11849569224932579
12131044201643235
12412519178353891
12693994155064547
12975469131775203
13256944108485859
13538419085196515
13819894061907171
14101369038617827
14382844015328483
14664318992039139
14945793968749795
15227268945460451
15508743922171107
15790218898881763
16071693875592419
16353168852303075
16634643829013731
16916118805724387
17197593782435043
17479068759145699
17760543735856355
18042018712567011
18323493689277667
18604968665988323
18886443642698979
19167918619409635
19449393596120291
19730868572830947
20012343549541603
20293818526252259
20575293502962915
20856768479673571
21138243456384227
21419718433094883
21701193409805539
21982668386516195
22264143363226851
22545618339937507
22827093316648163
23108568293358819
23390043270069475
23671518246780131
23952993223490787
24234468200201443
24515943176912099
24797418153622755
25078893130333411
25360368107044067
25641843083754723
25923318060465379
26204793037176035
26486268013886691
26767742990597347
27049217967308003
27330692944018659
27612167920729315
27893642897439971
-194452243553284
-194452243553284
-194452243553284
-194452243553284
-194452243553284
-194452243553284
-194452243553284
-194452243553284
-194452243553284
-194452243553284
-194452243553284
-194452243553284
-194452243553284
-194452243553284
-194452243553284
-194452243553284
-194452243553284
-194452243553284
-194452243553284
-194452243553284
-194452243553284
-194452243553284
-194452243553284
-194452243553284
-194452243553284
-194452243553284
-194452243553284
-194452243553284
-194452243553284
-194452243553284
-194452243553284
-194452243553284
-194452243553284
-194452243553284
-194452243553284
-194452243553284
-194452243553284
-194452243553284
-194452243553284
-194452243553284
-194452243553284
-194452243553284
-194452243553284
-194452243553284
-194452243553284
-194452243553284
-194452243553284
-194452243553284
-194452243553284
-194452243553284
-194452243553284
-194452243553284
-194452243553284
-194452243553284
-194452243553284
-194452243553284
-194452243553284
-194452243553284
-194452243553284
-194452243553284
-194452243553284
-194452243553284
-194452243553284
-194452243553284
-194452243553284
-194452243553284
-194452243553284
-194452243553284
-194452243553284
-194452243553284
-194452243553284
-194452243553284
-194452243553284
-194452243553284
-194452243553284
-194452243553284
-194452243553284
-194452243553284
-194452243553284
-194452243553284
-194452243553284
-194452243553284
-194452243553284
-194452243553284
-194452243553284
-194452243553284
-194452243553284
-194452243553284
-194452243553284
-194452243553284
-194452243553284
-194452243553284
-194452243553284
-194452243553284
-194452243553284
-194452243553284
-194452243553284
-194452243553284
-194452243553284
-194452243553284
173967329014810
455442305725466
736917282436122
1018392259146778
1299867235857434
1581342212568090
1862817189278746
2144292165989402
2425767142700058
2707242119410714
2988717096121370
3270192072832026
3551667049542682
3833142026253338
4114617002963994
4396091979674650
4677566956385306
4959041933095962
5240516909806618
5521991886517274
5803466863227930
6084941839938586
6366416816649242
6647891793359898
6929366770070554
7210841746781210
7492316723491866
7773791700202522
8055266676913178
8336741653623834
8618216630334490
8899691607045146
9181166583755802
9462641560466458
9744116537177114
10025591513887770
10307066490598426
10588541467309082
10870016444019738
11151491420730394
11432966397441050
11714441374151706
11995916350862362
12277391327573018
12558866304283674
12840341280994330
13121816257704986
13403291234415642
13684766211126298
13966241187836954
14247716164547610
14529191141258266
14810666117968922
15092141094679578
15373616071390234
15655091048100890
15936566024811546
16218041001522202
16499515978232858
16780990954943514
17062465931654170
17343940908364826
17625415885075482
17906890861786138
18188365838496794
18469840815207450
18751315791918106
19032790768628762
19314265745339418
19595740722050074
19877215698760730
20158690675471386
20440165652182042
20721640628892698
21003115605603354
21284590582314010
21566065559024666
21847540535735322
22129015512445978
22410490489156634
22691965465867290
22973440442577946
23254915419288602
23536390395999258
23817865372709914
24099340349420570
24380815326131226
24662290302841882
24943765279552538
25225240256263194
25506715232973850
25788190209684506
26069665186395162
26351140163105818
26632615139816474
26914090116527130
27195565093237786
27477040069948442
27758515046659098
28039990023369754
-112954006638334
-112954006638334
-112954006638334
-112954006638334
-112954006638334
-112954006638334
-112954006638334
-112954006638334
-112954006638334
-112954006638334
-112954006638334
-112954006638334
-112954006638334
-112954006638334
-112954006638334
-112954006638334
-112954006638334
-112954006638334
-112954006638334
-112954006638334
-112954006638334
-112954006638334
-112954006638334
-112954006638334
-112954006638334
-112954006638334
-112954006638334
-112954006638334
-112954006638334
-112954006638334
-112954006638334
-112954006638334
-112954006638334
-112954006638334
-112954006638334
-112954006638334
-112954006638334
-112954006638334
-112954006638334
-112954006638334
-112954006638334
-112954006638334
-112954006638334
-112954006638334
-112954006638334
-112954006638334
-112954006638334
-112954006638334
-112954006638334
-112954006638334
-112954006638334
-112954006638334
-112954006638334
-112954006638334
-112954006638334
-112954006638334
-112954006638334
-112954006638334
-112954006638334
-112954006638334
-112954006638334
-112954006638334
-112954006638334
-112954006638334
-112954006638334
-112954006638334
-112954006638334
-112954006638334
-112954006638334
-112954006638334
-112954006638334
-112954006638334
-112954006638334
-112954006638334
-112954006638334
-112954006638334
-112954006638334
-112954006638334
-112954006638334
-112954006638334
-112954006638334
-112954006638334
-112954006638334
-112954006638334
-112954006638334
-112954006638334
-112954006638334
-112954006638334
-112954006638334
-112954006638334
-112954006638334
-112954006638334
-112954006638334
-112954006638334
-112954006638334
-112954006638334
-112954006638334
-112954006638334
-112954006638334
-112954006638334
-276987397826078
-276987397826078
-276987397826078
-276987397826078
-276987397826078
-276987397826078
-276987397826078
-276987397826078
-276987397826078
-276987397826078
-276987397826078
-276987397826078
-276987397826078
-276987397826078
-276987397826078
-276987397826078
-276987397826078
-276987397826078
-276987397826078
-276987397826078
-276987397826078
-276987397826078
-276987397826078
-276987397826078
-276987397826078
-276987397826078
-276987397826078
-276987397826078
-276987397826078
-276987397826078
-276987397826078
-276987397826078
-276987397826078
-276987397826078
-276987397826078
-276987397826078
-276987397826078
-276987397826078
-276987397826078
-276987397826078
-276987397826078
-276987397826078
-276987397826078
-276987397826078
-276987397826078
-276987397826078
-276987397826078
-276987397826078
-276987397826078
-276987397826078
-276987397826078
-276987397826078
-276987397826078
-276987397826078
-276987397826078
-276987397826078
-276987397826078
-276987397826078
-276987397826078
-276987397826078
-276987397826078
-276987397826078
-276987397826078
-276987397826078
-276987397826078
-276987397826078
-276987397826078
-276987397826078
-276987397826078
-276987397826078
-276987397826078
-276987397826078
-276987397826078
-276987397826078
-276987397826078
-276987397826078
-276987397826078
-276987397826078
-276987397826078
-276987397826078
-276987397826078
-276987397826078
-276987397826078
-276987397826078
-276987397826078
-276987397826078
-276987397826078
-276987397826078
-276987397826078
-276987397826078
-276987397826078
-276987397826078
-276987397826078
-276987397826078
-276987397826078
-276987397826078
-276987397826078
-276987397826078
-276987397826078
-276987397826078